0000000010000000
0000000011100101
0000000011111010
0000000010101111
0000000000111110
0000000000000010
0000000000101001
0000000010010101
0000000011110001
0000000011110011
0000000010011010
0000000000101101
0000000000000001
0000000000111010
0000000010101010
0000000011111001
0000000011101000
0000000010000101
0000000000011110
0000000000000100
0000000001001100
0000000010111101
0000000011111110
0000000011011011
0000000001110000
0000000000010010
0000000000001011
0000000001100000
0000000011001111
0000000011111111
0000000011001011
0000000001011011
0000000000001001
0000000000010101
0000000001110101
0000000011011110
0000000011111101
0000000010111000
0000000001001000
0000000000000011
0000000000100010
0000000010001011
0000000011101011
0000000011110111
0000000010100101
0000000000110101
0000000000000001
0000000000110001
0000000010100000
0000000011110101
0000000011101110
0000000010010000
0000000000100101
0000000000000010
0000000001000011
0000000010110100
0000000011111100
0000000011100010
0000000001111011
0000000000011000
0000000000000111
0000000001010110
0000000011000110
0000000011111111
0000000011010011
0000000001100110
0000000000001101
0000000000001111
0000000001101011
0000000011010111
0000000011111110
0000000011000010
0000000001010001
0000000000000110
0000000000011011
0000000010000000
0000000011100101
0000000011111010
0000000010101111
0000000000111110
0000000000000010
0000000000101001
0000000010010101
0000000011110001
0000000011110011
0000000010011010
0000000000101101
0000000000000001
0000000000111010
0000000010101010
0000000011111001
0000000011101000
0000000010000101
0000000000011110
0000000000000100
0000000001001100
0000000010111101
0000000011111110
0000000011011011
0000000001110000
0000000000010010
0000000000001011
0000000001100000
0000000011001111
0000000011111111
0000000011001011
0000000001011011
0000000000001001
0000000000010101
0000000001110101
0000000011011110
0000000011111101
0000000010111000
0000000001001000
0000000000000011
0000000000100010
0000000010001011
0000000011101011
0000000011110111
0000000010100101
0000000000110101
0000000000000001
0000000000110001
0000000010100000
0000000011110101
0000000011101110
0000000010010000
0000000000100101
0000000000000010
0000000001000011
0000000010110100
0000000011111100
0000000011100010
0000000001111011
0000000000011000
0000000000000111
0000000001010110
0000000011000110
0000000011111111
0000000011010011
0000000001100110
0000000000001101
0000000000001111
0000000001101011
0000000011010111
0000000011111110
0000000011000010
0000000001010001
0000000000000110
0000000000011011
0000000010000000
0000000011100101
0000000011111010
0000000010101111
0000000000111110
0000000000000010
0000000000101001
0000000010010101
0000000011110001
0000000011110011
0000000010011010
0000000000101101
0000000000000001
0000000000111010
0000000010101010
0000000011111001
0000000011101000
0000000010000101
0000000000011110
0000000000000100
0000000001001100
0000000010111101
0000000011111110
0000000011011011
0000000001110000
0000000000010010
0000000000001011
0000000001100000
0000000011001111
0000000011111111
0000000011001011
0000000001011011
0000000000001001
0000000000010101
0000000001110101
0000000011011110
0000000011111101
0000000010111000
0000000001001000
0000000000000011
0000000000100010
0000000010001011
0000000011101011
0000000011110111
0000000010100101
0000000000110101
0000000000000001
0000000000110001
0000000010100000
0000000011110101
0000000011101110
0000000010010000
0000000000100101
0000000000000010
0000000001000011
0000000010110100
0000000011111100
0000000011100010
0000000001111011
0000000000011000
0000000000000111
0000000001010110
0000000011000110
0000000011111111
0000000011010011
0000000001100110
0000000000001101
0000000000001111
0000000001101011
0000000011010111
0000000011111110
0000000011000010
0000000001010001
0000000000000110
0000000000011011
0000000010000000
0000000011100101
0000000011111010
0000000010101111
0000000000111110
0000000000000010
0000000000101001
0000000010010101
0000000011110001
0000000011110011
0000000010011010
0000000000101101
0000000000000001
0000000000111010
0000000010101010
0000000011111001
0000000011101000
0000000010000101
0000000000011110
0000000000000100
0000000001001100
0000000010111101
0000000011111110
0000000011011011
0000000001110000
0000000000010010
0000000000001011
0000000001100000
0000000011001111
0000000011111111
0000000011001011
0000000001011011
0000000000001001
0000000000010101
0000000001110101
0000000011011110
0000000011111101
0000000010111000
0000000001001000
0000000000000011
0000000000100010
0000000010001011
0000000011101011
0000000011110111
0000000010100101
0000000000110101
0000000000000001
0000000000110001
0000000010100000
0000000011110101
0000000011101110
0000000010010000
0000000000100101
0000000000000010
0000000001000011
0000000010110100
0000000011111100
0000000011100010
0000000001111011
0000000000011000
0000000000000111
0000000001010110
0000000011000110
0000000011111111
0000000011010011
0000000001100110
0000000000001101
0000000000001111
0000000001101011
0000000011010111
0000000011111110
0000000011000010
0000000001010001
0000000000000110
0000000000011011
0000000010000000
0000000011100101
0000000011111010
0000000010101111
0000000000111110
0000000000000010
0000000000101001
0000000010010101
0000000011110001
0000000011110011
0000000010011010
0000000000101101
0000000000000001
0000000000111010
0000000010101010
0000000011111001
0000000011101000
0000000010000101
0000000000011110
0000000000000100
0000000001001100
0000000010111101
0000000011111110
0000000011011011
0000000001110000
0000000000010010
0000000000001011
0000000001100000
0000000011001111
0000000011111111
0000000011001011
0000000001011011
0000000000001001
0000000000010101
0000000001110101
0000000011011110
0000000011111101
0000000010111000
0000000001001000
0000000000000011
0000000000100010
0000000010001011
0000000011101011
0000000011110111
0000000010100101
0000000000110101
0000000000000001
0000000000110001
0000000010100000
0000000011110101
0000000011101110
0000000010010000
0000000000100101
0000000000000010
0000000001000011
0000000010110100
0000000011111100
0000000011100010
0000000001111011
0000000000011000
0000000000000111
0000000001010110
0000000011000110
0000000011111111
0000000011010011
0000000001100110
0000000000001101
0000000000001111
0000000001101011
0000000011010111
0000000011111110
0000000011000010
0000000001010001
0000000000000110
0000000000011011
0000000010000000
0000000011100101
0000000011111010
0000000010101111
0000000000111110
0000000000000010
0000000000101001
0000000010010101
0000000011110001
0000000011110011
0000000010011010
0000000000101101
0000000000000001
0000000000111010
0000000010101010
0000000011111001
0000000011101000
0000000010000101
0000000000011110
0000000000000100
0000000001001100
0000000010111101
0000000011111110
0000000011011011
0000000001110000
0000000000010010
0000000000001011
0000000001100000
0000000011001111
0000000011111111
0000000011001011
0000000001011011
0000000000001001
0000000000010101
0000000001110101
0000000011011110
0000000011111101
0000000010111000
0000000001001000
0000000000000011
0000000000100010
0000000010001011
0000000011101011
0000000011110111
0000000010100101
0000000000110101
0000000000000001
0000000000110001
0000000010100000
0000000011110101
0000000011101110
0000000010010000
0000000000100101
0000000000000010
0000000001000011
0000000010110100
0000000011111100
0000000011100010
0000000001111011
0000000000011000
0000000000000111
0000000001010110
0000000011000110
0000000011111111
0000000011010011
0000000001100110
0000000000001101
0000000000001111
0000000001101011
0000000011010111
0000000011111110
0000000011000010
0000000001010001
0000000000000110
0000000000011011
0000000010000000
0000000011100101
0000000011111010
0000000010101111
0000000000111110
0000000000000010
0000000000101001
0000000010010101
0000000011110001
0000000011110011
0000000010011010
0000000000101101
0000000000000001
0000000000111010
0000000010101010
0000000011111001
0000000011101000
0000000010000101
0000000000011110
0000000000000100
0000000001001100
0000000010111101
0000000011111110
0000000011011011
0000000001110000
0000000000010010
0000000000001011
0000000001100000
0000000011001111
0000000011111111
0000000011001011
0000000001011011
0000000000001001
0000000000010101
0000000001110101
0000000011011110
0000000011111101
0000000010111000
0000000001001000
0000000000000011
0000000000100010
0000000010001011
0000000011101011
0000000011110111
0000000010100101
0000000000110101
0000000000000001
0000000000110001
0000000010100000
0000000011110101
0000000011101110
0000000010010000
0000000000100101
0000000000000010
0000000001000011
0000000010110100
0000000011111100
0000000011100010
0000000001111011
0000000000011000
0000000000000111
0000000001010110
